 340.0    0.0325    0.0153   
  350.0    0.0204    0.0134   
  360.0    0.0156    0.0120   
  370.0    0.0114    0.0106   
  380.0    0.01137   0.0094  
  390.0    0.00851   0.0084  
  400.0    0.00663   0.0076  
  410.0    0.00473   0.0068  
  420.0    0.00454   0.0061  
  430.0    0.00495   0.0055  
  440.0    0.00635   0.0049  
  450.0    0.00922   0.0045  
  460.0    0.00979   0.0041  
  470.0    0.0106    0.0037   
  480.0    0.0127    0.0034   
  490.0    0.0150    0.0031   
  500.0    0.0204    0.0029   
  510.0    0.0325    0.0026   
  520.0    0.0409    0.0024   
  530.0    0.0434    0.0022   
  540.0    0.0474    0.0021   
  550.0    0.0565    0.0019   
  560.0    0.0619    0.0018   
  570.0    0.0695    0.0017   
  580.0    0.0896    0.0016   
  590.0    0.1351    0.0015   
  600.0    0.2224    0.0014   
  610.0    0.2644    0.0013   
  620.0    0.2755    0.0012   
  630.0    0.2916    0.0011   
  640.0    0.3180    0.0010   
  650.0    0.340     0.0010    
  660.0    0.410     0.0008    
  670.0    0.439     0.0008    
  680.0    0.465     0.0007    
  690.0    0.516     0.0007    
  700.0    0.624     0.0007    
  710.0    0.827     0.0007    
  720.0    1.231     0.0006    
  730.0    1.7990    0.0006   
  740.0    2.3800    0.0006   
  750.0    2.4700    0.0005   
  760.0    2.5500    0.0005   
  770.0    2.5100    0.0005   
  780.0    2.3600    0.0004   
  790.0    2.1600    0.0004   
  800.0    2.0700    0.0004   
